110,
010,
000,
000,
000,
000,
000,
000,
000,
000,
010,
110,
000,
000,
000,
000,
000,
000,
000,
000,
110,
000,
000,
000,
000,
000,
000,
101,
101,
000,
000,
000,
000,
000,
000,
000,
000,
000,
101,
101,
000,
000,
000,
000,
000,
000,
000,
000,
000,
000,
000,
000,
000,
000,
000,
000,
000,
000,
000,
000,
000,
000,
000,
000,
000,
000,
000,
000,
000,
000,
000,
000,
000,
000,
000,
000,
000,
000,
000,
000,
010,
110,
010,
010,
101,
000,
000,
000,
000,
000,
010,
010,
010,
010,
000,
000,
000,
000,
000,
000,
